001010000001111101011010001110100000111000101010010100100010100100001000001010110001110100111000000010110011110000000111001100000101001000110110000101010010110001001100001100010000001000111101000100100011011000000110001000000100011000111110000000100010101101010110001111000001010100111000000000010011110100011011011001100000011000101100000111100111000100011001001010110000101001100101000101110010101100011010001000100000001101110100000101100010001000000000011110010001111100110010000011110100000100011111
001000000000001100001110001001100100011000111000000100110011100001001101001110110001110100100010000011010011101000011100001000110101001000110111000101010011101000000001011100100001000100110110000101110110001000010101001010110000111100101110010010100010111100011000001100000101000000111101000101100010101000011110001010000000001000110001000010010111000100011010001000100001110001100101000001110011101000000111001110000100101100100000000111110010100101000100001111110000101000111001000011110100000100010101
001001110101000100001110001001100000001101101111000101100010111000001000001111000001010100111000000000010111010100011101001111110001011101110001000010010011100000000101001000000001100100101100010100110010110100000101011001000000000100100101000011100110111000011011001110110000011000111100000100110111100000000000001101100000100000101100010110100010010100000101001001100100111100100011000100110010100100001101011101100000010000110010010101110011100000001100001111000100101100101101000010110001010100011111
001100110000001001011010001011110000100000101011010100100010110000000010001010000101010000100101000001000011110000001101011101110001111000110100000011100110100000011000001110100001010100101010000101100110001000000001001000010100011000100110000000110010100100011110001000000101000000111000000110010011110001010101001100100000111100100111000010000011010001001101001101000000111000110110010100100010011000000001001100010000001100100000010101110010110100001010001111010100101100111101000001010000010101011010
001100100001000000001101011011100001001000100111000101110110101100000001001001010001001100111110000100010111010100011101001111110001001100100101010110100010000100011000011100100000011100111001000000000110001000000100001010110000100100101110010010100010111100011000001100000101000000111110000110000011110001010101001000100000111000110100000100110011010100001000001001110100111100110001000110100010111101001000001110100000001000110011000111110011100001000100001111110001100100110101000001110100000100001110
001010010001010001011010001010100000011100111101000110010010010100001000001111110000011101110110000001000011101100001101011101110001010100111110000111100110100000001111001100110001110000110100000101100010011001000011001100000000111000101111010010100010001000011111001100110001100000101101010101110011110000010100001111110100011100100011000101000011010101001101001101110000011100100000010100100010111000001001001001000000000000111010000100100011111100010111011110010000001100111111010010100000001000011011
001011010001110100011111001010100100011000100001000110110010110000000101001110000101010000110111000010110011000101001001001000110001101000110100010110100010110100011010001101110001111000110001000111010010010101000011001001010000100000101110010010100011101000011110001100010101000000110100000110000010101000011011001011110000100100100101010110100010011000001000001100010000101001100101000001100010001000001101011101100000110100111101000001010011111100010000011110010000111100111011000100110100000100011011
001011110001010101011010001010010000100100101011010100100011100000001100001001010001000001110110000010010011000000011101011101110000011000111001000111110011101000001001011100100001001000111101010100110010001101000011001000100000111100111000000001110010111100011011001100010001111000101101010101110011000100011011011001100001001100101010000111110111000100000000001010100000101100110110000001100110101000000111001100000100101100100000000111110010100101000100001011100000101000101110000011110001001100001001
011000010001000000010100001010100100011000100011000101110011111101001101001001010000000001110110000000010011110000011111001111100001011000110100010110100011110000000100001101110101000000101111000100100011011000000110001101100001010101101010000011000011110000011001001110010101000000101101000111110011110101010101001100010000011000110110000111110010001100011110011000110000111000101011000101100110101000001111001110010000111101110100000110100010110100000000001111000100101100101110000000100000010001011010
001001110001100000001000001000110000011100100010000101110010010100011001011011000001010100111000000000010111010100001101001111100000010000111000000111100010110100001000011100100000010000110000000101100110001000010100001001010001001000101111000110000011110101010110001000110001100000110000000101000011000001010101001100010000001000110000000111110111000100011000001011010000101100100000000000000110101000011100001111100000111001110100000100010010010100010110001101000000101000110111000011110000111100001110
011000010001011100001000001000010000101101101111000001100010001100001000011011000000001100110111000100010011000000011011001001000101001000100110000100100010000100001111001110100101000000101111000101100011000000000110011001000000011100101000000001010011100000010011011101000000010000110001000100100111100000010011001011110001010100101111000110110011110000001000001011010001101101100101000100110010010000001100011101100000001000100000010101110011101100000101001010100100101100101001000001010100000100011011
001011110001010101011010001010010000100100101011010100100010100000001100001000000001100000110011000000010111010100011101001111110001011101110001000111000010000100011110001111110001000100110101000101100010110000010111011001000000111000101111000010110011100000010011001110100101000000111000000110010011110001010101001100100000111100100111010110100011010000011011001001100000000100101100000111000010110101001000001101110000010100110000010101110011100000001100001111000100101100110111000001010001001100010100
001010000001111100011101011011100001000100101010000000000010111001001101001110000001110000110011010001010010011000001100001101000001110100111111000111100110100000001000001100110000100101111000000100100010110000000111011001000000000100100101000011100110111000000101001101010001100100111101010101110011010000010000001100100100011100110110000100100011010001001101001101000000111000110001000101110011100000011011011101100001111000111010000100110010100100010110011110010001111100110010000011110100000100010010
001001000001000000001100001010110000100001101111000100000010111001001101001010110001010100100010000011010011000000011011001100100001011001110001000011100010011100001011001101110000010000110000000101100011000001000011001100010000100000111110000001010110111000011001001110100001010101111001000001110011010000010100001001010000001001100010000110110011111100001001011000110000001100100000000001100110101000011100001111100000111001110100000100110011111000011101011110010000011100111011000001000000010101011010
001000000000000100001010001010110000011100111101010100100010101000000011001010000101010000111111000100010111010100011110001101100000000101110001000010010010011100001101001111000001010001111000000101000010110100000111011001000000010100101011000001100010001000010011001100000101000000101101000111110011110101010101001000100001010100111011010110100011110100001100001011010000101101100101000101110010101100011010001000100000001101110100000101100010001000000000011110010001111100110010000011110100000100011101
001000000000010100010010001010110001010000100110000111000010110001001101001110000001101100110001000000000010000100000001001100100000000001110001000101010010111001001100001001100001100000111101010100110011010100000010001100000000001100111000000110010110111000010101001101010001110000110101000100100011110001010101001011100000001001100010000010010011010000001100001100000100111100100100000111000010111001001000001100010000010000110000010101110011111100000101001011100100101100101110000000100000000000001110
011000010001100000001110011011100001000100101110000000010110101100001010001000110001101100110010010001010011010000000111001100110101001000110110000101010010110001001100001000010001000100110001000101110110001000001111001000010001001001101010000111100010011000010011011101000001010100111000000001010010110000011101011001100000010100110000000100110011111100001010011000110000100100101010000000000011111000000000011101100000110000100110000101100011111100010111011110010001111100110010000011110100000100010010
001001000000001100011000011011100001111100100110000101110010011100001001001001010001101000110001010001010010011000001100001100100001011001110001000110110010011000001000011100100000010000110000000101100110001000000101001101100001001100100011000111100110111000000010001001100001010100111100010101110010000100011100001000110000101100100110000100110011111100001010011000110000100100110111000001110010001100011100011101100000101000110010000000110010100100010110011110010000001100110011000110010100000100010001
001010000001111100011110011011100001000100100111000111010011100000001000011011000000011100110011000000000011000101001001001111100000000101110001000100110010011001001100001110110000010000101011000101100010111000000101011001000001001100111010000001010010000001010110001000000001100000111100010101110011110100010100001101000001001100101010010110100011000000000011001001110100111100101100000001100110101000011111001101110001100001110100000001000010001101000100001110000000010100111110010010100001010100010010
001001000101000100011111001011110001010000111011000110100110101100001111001111100001101100100011000000100011110100011101011101110001010000111110000010000011110000000100011100100001011100101010000100100011000100010000011001000000011100100100000011100110111000011110001100010000001000111011010101110010000100011100001000110000101100100110000100110011111100001010011000110001110000100000000101110010111001001000001101110000110100100000000100100011111001000100001100010000001000101001010010100000101000010011
001011110001010101011010001011110000100000101011010100100011111100000101001010010101010000100010000101110011000000001100011101110000101100111000000111110010010000001000001110110001111000111111010100110010010000010001001100010000111100111110010010100011100100011110001110110000001100111100010101110010101100010000001000110000001101100010000011010011000000011110011000110000011000101011010100100010001100011100001001010000111000111000000100010110110000000101001111110001111100111111000110000100000100010010
001010000000001001011010001001010000111100100001000101100110101100001100001000100001000001110110000000100011101000001101011101110000000100110000000011010110100000011000001110100001000100101100010100110010101100010111011001000001000100101011000110010110111000010001001110110001111100111101000101100011011000010001011001100001001100101010000111110111000100001000001101010000101000101011000110110010010000001111011101100000101000111010000100110110110000010000001100010000111001111010000001110000111000001000
001011110001100000010100001010010100011000111000000101110011100100001000011011000000000000111110000000000111010100011101001111110001101100100011000111100110100000001000001100110000100101111000000100100010110000000111011001000000000100100101000011100110111000000101001101010001100100111101010101110011010000010000001100100100011100110110000100100011010000011111001001100100111100100111000101110110101000000100001111110000110000111100000000110011111101000100001100000000010101111010000111100000100100011111
011000010001011100010011001111000000101100101110000111110010111000000011001110000101010000111001000000110111010100011101001111110001011101110001000100100010110100001101001001000001010100110110010100110011011000001100011001000000001000100011000111000010011100010010001100010101000000101101000111110011110101010101001000100000011000111011010110100011011100011111001011000000001001100101000001100010001000001101011101100000010100111101000100000010010000010000011110010000101000110100000011100100000100010110
001001000000010101011010001110100000111000101010000111110110101100001111001010010101010000110000000010100010011101001001001001000001101100110110000101000011101101001100001100110001111000111100010100110010010000001100001101100100011000111001000011110010111100000101001110110001111000101010010101110011100100011011001000100100011100100100000101010010001101001101001001110000111000111100000000010110101000001001001110000000111101110100000011100010100100000101001010110001100001111010000010110000111100011110
011000010001110100011111001110100100011000111011000110100010111000000000011011000001011000110011010001010011001100000110001001010101001000111101000100110010111100000100001001100000001101111000000110100010110001000011001100000000111000101111010010100010100000011111001001100001110100111000000110100011110100011011001100100100011100101101000111000111000100011001001010110000101001100101000110100010111100001001001000000000111000111010010101110011100000001011011110010000110000110011000111000000010001011010
001011010001100000011101001001100001001001101111000001110011101100000010001000100101010000100010000011010011000001001001001100100001001100100011000011100010000001001100001100110001111000111100010100110010101100010111011001000001000100101011000110010110111000000101001110110101000000111000000110010011110001010101001000010000100000100110010110100011110000001100001001110000101001100101000001100011110100000111011101100000110000100110000100100010110100010000011110010000011100110011000011010000100100001110
001100100101000100001110001001100000001101101111000101010011100100001000001011010000000000110011000101110111010100000101001111100001010100111001000011100110100000011000001111010101000000101010000001100010111000000110011001000001001000100010000011110110111000010010001101010000100101111001000101100011011000010001011001100001001100101010000111110111000100000001001001100001110000110110000101110011100001001000001110100000001000110011000111110011100001000100001011010000010001111010000110000001010000010110
001001000101000100001110001001100000001101101111000111000010001000001010001001000000000001110110000011010011000001001001001110100001001100110101000111110110100000011000001110100001010101111000000000000011011000000010001101100001010101101010000010110010001000000101001110110101000000111000000110010011110001010101001000010000100000100110010110100010001000001000001101110100111100110001000110100010111100000101011101100000001000111010010101110011100000001100001111000100101100111100000000110001001100010111
001000000001110000011111001000000001001001101111000111010010110101001101001110000001110000110011010001010011110100001100001101100000010000110100000101000110100000011000001111010101000000111111000110100011010000000110011001000000101000100011000011010010011000000010011101000000010100101001000110000011011001010101001100100000111100100111010110100011010000001100001100010001101100101101010100100010101100000110001100100100101100100000000110000110110000010110001011000000011100111111010010100000111000001100
001001000000001101011010001110100000111000101010010100100010111100001100001101010101010000110111000010110011000101001001001110000000010000110100000010000110100000011000001110100001010101111000000111010010101100000100001011000001001001101010000010110010000000010010011101000000010000110110010101110011110000011100001100000000111000100110000111110111000100011001001010110000101001100101000111100010001100001111001111100001111101110100000100010011111000001011001101000100101100101110000000100000010001011010
001001010001000000001000001001010000100000101010000000010011100001001101001011010001101000110010010001010011001000000110001100110101001000100010000110110011111101001100001001100001100000111001000001110110001000001010001100000100011000111101000010110011110101010110001100110001111100110110000100110111100000010100001010000000001101100010000011100011100100001000011000110000101000110011000101110010010000000001001110000000110001110100000101100010001000000000011110010001111100110010000011110100000100010111
001011100000001100010100001001110000100000101000010100100011110000001000001111100001000101110110000100010011110100001100011101110001010000111110000011110011101000011000001110100101000000111100000100100011101101000011001001010000100000101110010010100010100100011001001100000101000000101010000101100011000100010001011001100000101100100111000011100111000100011001001010110000101001100101000001010010101100011100001100110001100100100111010101110010111000010110001100000000010100111101010010100000011100010101
001100110000010100010010011011100000011100101101000001110010010100001001001011010001101000100010000010010010110001001001001000110001101000110100010110100010010100000011001001000001100100110110000101000110001000000000001101100000001100101011000111100011101100000100001100010101000000101101000111110011100100000001011001100000111100100011000011100011100101001101001011110000011000100011000101110110101000001001001110000000111101110100000100010010001100010011001101010100101100101110000000100000000000001110
011000010001110000011011001101110100011000101001000111100011001001001101001011010001011000111001000100110011000001001001001000110001101000110100010110100010110100001101001000000000010000110000010100110010101100001101011001000001001000100010000011110110111000011001001001000001010100110111010101110011111000011100001101000000101000100011000101110011010000000011001101110100111100101010000101000110101000000000001100110000101000100010000100100010001001000100001110000000010100111110010010100000011000010101
001001010101000100011001001111000000001100101110000001100010111000001001011011000001001100100100000000000011010000011101011101110000010100111001000110110010010000001001001000010101000000111001000111010010011001000011001000010001000000101111000110000011011101010110001110000001100100101111000111100011011000010010011001100000010000110000000111110011000000011001001101100001110100100000010100100011111000000000001101110001111101110100000110100010001100010010001111000001111100110010010010100001011000010010
001010000001001000010010011011100001001000100111000101110110101100011010001011010000000000110011000101110010011001001001001101010000000000111110000011110010111100000100001001100101000000111110000111000011000000010111001011000100011000101011000010000011101100011000001100000001000100110111000000110011010000001100011001100000011000100100000011100011010000011111011000110001101100101101000101110010001100011010011101100000000000111101000110010010100001000100001110000000010100111110010010100000010000001100
001001000000001100000011011011100001000100100110000111000010110000001000001010000101010000110000000010100010001000000101011101110001001100110111000011100010110100011110011100100001100000110001000000000110001000001000001011010000100000101110010010100010111100011000001100000101000000111110000110000011110001010101001101010000011000110101010110100010010100000101001000100001101101100101000110110011111001001000001000010000101000100111010101110010101100001011001101100000111100111011000001000000010101011010
001001100001111000011110011011100000010000100011000101110011100000011110001010010001000001110110000100010011110100001100001110100101001000100010000110110011000100000101001111000001011101111000000100010010011101000011001000100001010000111111000000110011101000010000001000010001110001111001000101100011011000010001011001100000101000110111000101100010010100000100001100110000001100111100010100100010101100000110001100100100101100110010000111100010000000001000011110010001111100110010000011110100000100001101
001000000000010100011111001111000001010101101111000110110010010101001101001110000001110000110011010001010010011000001100001101100000000101110001000110110010011000001000011100100001110000111101000001110110001000000101001010110001000100100110010010100010001100000011001110000000010000110000000001110011010000001100011001100000111000101100010110100010010100000101001001100100111100100000000100110011100000011100001111100100101100110101000110010010100001000100001011010000001100111111010010100000010000001100
001001000001111100010011001000000000000101101111000100110010010100001001011011000000000000111110000000000111010100000100001110000000000000111111000100110010011000001011011100100000011100111101000000010010011101000011001100000000111000101111010010100010100000011111001100100000010000110001010101110011110000010100001111110100011100100011000101000011010101001101001001000000000000100001010100100011100100001001001111110000111101110100000110110010100100010000011110010001111100110010000011110100000100011111
001000000000001100001110001001100100011000101101000000000010001000000011001010110101010000110000000010100010011100011101001111110101001000100101000100100010110101001100001111100001100100101110000110100010110000000100011001000000010100111000000011110010111100000010001000010000001000111100010101110011100100010011001100100000001000110000010110100011100100000100001100000100111100101110000110110010010000001100011101100000100000110101000000110011100000001000001111000100101100111011000001000000010101011010
001000100000001100011111001010110001011000100110000111000010110001001101001110000001110000111111000010110011001001001001001101100001110000110101010110100010101000001001001100110000001100101100010100110010110100000101011001000001001000100010000011110110111000010011001101010000001000101101000111110111100000010100001000000001001100100111000010000111000100000101001010100001110001100101000110010010001100000110001100100100101100110101000110010010100001000100001100000001111101111010000111010000000000001001
011000010000001000010101011011100000011100100001000101100110101100001010001000110001000001110110000010000011010000001101001100100101001000100101000100100010110101001100001100000001010100111001000000000011011001000011001010110000000001101010000111100010011000010011011101000001010100111000000001010010110000011101011001100000011000100100000011100011010000011111011000110000011100101100000000010110101000000011001111110000010100110000010101110010110100001010001111010100101100111001000010110001010100001110
001011010001010001011010001011110000000000111011000101110011100101001101001110000001110000110011000011000010011101001001001111000001101100111111000111100110100000001101001111000001010001111000000101100011010000000110001101100001111101101010000111100010011000011111001110100001011101111001000000110011000000010100001100100100011100100001000010000011010000001000001100110000101000110001000110100110101000011101001001100000010000111010010101110011100000001100001111000100101100111111000010110001001100001110
001010010101000100011011001010000001001000101010000000000110101100000101001001010000011101110110000011100011110000000111001100110101001000110000000101000010110001001100001101010001111100111100010100110011000100000010001100110100011000111110000000100010111100000010011101000001100100101101010101110010111100010100001101010100011100100101000101010011111000001001011000110000111000101011000101100110101000001111001110010000111101110100000001000010110100001101001111010100101100110110000011110001010101011010
001101000000001001011010001000110000011100100100000101110110101100000000001011010001101001110110000011000011101101001001001110000000011100100011010110100010000100000001001100110001011100111101010100110010001100000101001100000000001100111000010010100010000100000011001001100101000000110101000111100011001100010000001010000000001000110001000010010111000100001100001011010000101101100101000111100010111100011100011101100001111100111100000100100010000101000100001100010000101000101100000011110100000100011110
001011100001110000010011001000000000111100100000000111000110101100000010001110100001000100100100010001010010000100000001001100100101001000110111000100110011101100000100011100100001111100111110010100110011011000001011001000010100011000111001000011110010111101010110001101010001111000111101010101110011011100000011001000110001010101100010000011100011100100001000011000110000100100101010000001010010011001001000001110010000110101110100000000110010010000000001011110010000101000110011000110000100000100011011
001011110001010101011010001000010001000000101010000000000110101100011001001001000001000101110110000001100011010000011101001000110001111000110100010110100010100100000010001101100101000000110111000001010010011100010001011001000000011100100110000001100110111000000010001111000001010101111001000100100011100100000111001100100000111101100010000110110011111100001001011000110000000000110011000101110011100001001000001100110001110100110001000001010011010101000100001110100001100100111111000011110001000100010011
001011110001011001011010001110100000111000100110000111000010110001001101001110000001110000110111000100010111010100001010001001010001011100110100000010100010110100011000001110100101000000101101000000110010110100001101011001000001001000100010000011110110111000010011001101010000001000101101000111110111100000000110001010010100011100100101000101010011010101001101001000000001110100100000000100110011111000001101001100100100101100111001000101100010001001000100001100000000010101111010000000100000100000001001
011000010001111000001101001000000100011000100110000111110010101000001010001010010101010000111111000010110111010100011101001111110001011101110001000100110010010100001101001101010001010101111000000111000010010001000011001000110000100100101110010010100010110100000100001100010001000100101101000100100011110001010101001011100000001001100010000100100011100000000000011000110000001000100100000111100010111101001000001101110000010100110000010101110010101000000001001101000000101000110110000011110100000100011001
001100110001010000011011001110100000001100101011010100100010001100001000011011000000000000111110000000000011100001001001001101100001110000110101010110100010111100000011001101100101000000111010000111110010011100010000001101110000001100101110010010100011101000011110001100010001110101111001000101100011011000010001011001100000000000101101000111100111000100011110001000100000011000100001010100100011111100000110001000100000010001110100000000110010010000000001001101000100101100111000000011110100000100011100
001100110000010000010011001110100000000000111010000111100110101100001100001000100001000001110110000010000010000000000101001000110001101100100001000101100011000101001100001100110001111000111100010100110011000000000110001101000000101000101111000001000010011100000101001111000101000000101101000111110011110101010101001000110000011000110000000011100011100101001101001000100000000100100001010100100011100100011101001101000000111100100001000100100110110000001101001011010100101100111011000001000000010101011010
001010010001000000001100001010110100011000101011000111010010011000000100001000100001110100111001000010110111010100000110001000010001011100100011010110100011110000000100001101110101000000111110000110100011000100001011011001000000100100101100010010100011101000011110001100010101000000101010000100100011100101010101001001110000100100100110010110100011111000011011001001100001110101100101000001100010001000001101011101100000110100111011000000000010000001000100001101100000110101111010000111100000100100011111
011000010001000000010011001111000100011000101110000111000010111101001101001000110000001000110011000101110111010100001100001000010001011100100011000000110110100000000000001110110000011000110001000111010010010101000011001100000000111000100011000001000010100101010110001000000001100000111000000000110111100000011000001010010001000100100111000011100011100101001101001101100001111100101010000111000110101000011100001111100000111001110100000100100010110100010110001011010000001101111010000010110000111100011110
011000010001011000010101001010100100011000111100000100110010001000001001011011000001011000110011000011010011101000000101001100110101001000111000010110100010000000001101001001000001010101111000000101000010101100010101001000010000100001101010000100110010000100000011011101000001010100101111000100100010101000001100011001100000111100100111000010000011001101001101001000010000101000100100000000000010001100000110001100010100101100100111000100100010100100000000011110010001110000110010000000110000001000010010
011000010001100000001001011011100001001100111111000111010010010101001101001110000001110000110011010001010011001100001000001101000001011101110001000101010010111001001100001100110001110000110100010100110011011000001011001000010100011000101111000010110011110000000010001111000101000000111000000110010011110001010101001000110001000100100111000010000010100001001101001101110001110100100000000101110110101000000001001110000100101100100000000111110010100101000100001011100000001100110011000010010000100101011010
001010000000001001011010001110100000111000101010010100100010110100011111001110010001110100100010010001010011101000001111011101110001001101110001000011100011101000001001001101110101000000100001000110100010011100001111001000000000111100100100000011010110111000000101001100010001010100111101010101110010110000011010011001100001111000101101000011110111000100000100001101110100111100110110000110100010101100000100001110100100101100110110000100100110110000000010001101100001100101111010000001110000010000011011
001101010101000100011011001000000000001001101111000001100010010001001101001010010000001000110011000101110010110001001001001101010001011100110000000010010011110001001100001111010001011001111000000001110010101000000110011001000000001100101011000110000011101000011110011101000001000100110111000100110111100000000001001010010100011100100111000011000011010000011111001110100100111100100011000111010011110100000100011101100000010000110010010101110011100000001100001111000100101100111011000000110001001101011010
001000000001111100011110011011100001001000100000010100100010111000011011001010010000011000101111010001010010000100000001001111100001110000110110010110100011110000000100001100110000010001111000000100000011000000000110001000010001011000101111000111100010011001010110001000010000000000110110000110010111100000000001001011100000001001100010000111110011000000011111001101110000011101100101000001010010001000001101001001000000111000111101000110010110110000010000001100010000111000101000000011110100000100010011
001100100101000100010110001001110000000000101010010100100010001001001101001001000001010100100000000000000111010100001110001111100000010000110100000101000110100000001001001001000001010100101010000010100110001000000100001101100000001100101111000001000110111000011110001100010000001000111011010101110011111000011010001101000100011100101111000111110011000000011001011000110000111000101011000101100110101000000001001000100100101100100011000101100011111101000100001010100000010001111010000010110000111100011110
011000010001011000010101001010100100011000111100000100110011110001001101001010010000001000110011000101110010110001001001001000110001101000111000000101000010111101001100001001100001100000111001000001110110001000001011001000010100011000100010000010110010101001010110001110010001000100111101000100100111100000010100001010000000001101100010000110000011010000000101001011000000001100100001010100100010001100011100011101100001110000110101000001000110110000010010001111000001100100100011010010100000011000010101
001011100001010101011010001011110000100000101011010100100011111100000101001010010101010000110011000100110011000000000111001111100001110000110110010110100010100100000010001101100101000000101100000110110010011101000011001010010000100100111000000001000010011100011000001100110101000000101110000100100010101000010000011001100001001100101010000111110111000100011110001010100001011100110001000110100110101000001100001101110001001001110100000000110010010000010001001010100100101100101110000000100000010001011010
001010010001010000011011001110000000001100100001000000010110101100001100001000100001000001110110000100010011110100001100011101110001011100110000000010000011110000000100011100100000011100111101000000010010011101000011001000100000111100100100000000110011110100011110001100010001010001111001000101100011011000010001011001100000011000101110000101100111000100011001001010110000101001100101000110100010010100011011001000100100101100111011000100010110110000010000001100010000111000110111010010100000000000010100
001001010101000100010101001000000100011000111011000110100010111001001101001111110001000100100000000000000011101100011101001111110101001000110101000110110011000101001100001101010001111100111100010100110010011100001101001000000000001100101110010010100010011000011111001001110101000000101110000110000010101000011110011001100001000000101010000100110011001000000101011000110000011100100000010100100010001000001001001100100100101100111001000101100010100000000001011110010000101000110100000011100100000100010010
001001000101000100001000001010110001010100111011000101110010111101001101001000110001101001110110000100010011110100001100011101110000000100110100000011000010110100000010001001100001100001111000000101110010001100011010011001000000000000111000000001010010001101010110001101010001110000110101010101110011000000011100001101010100011100110101000101010010001100000110011000110001100000101101000110110010100100000000011101100000001100110001010101110010010000000101001111010100101100110111000010110000010100011111
011000010001000000010100001010100100011000101000000111010010111101001101001011100001100000110011000101100010011000001100001100110101001000100101000100100010110101001100001000010001010100101110000101100010110000010111001011000100011000101110000010110011011101010110001101010001111000111101010101110010101100010100001010000000010000110110000100110011011100000100001001100000101101100101000110110011111001001000001101000000111000110111000101100011100100010111001111000100101100101110000000100000000000001110
011000010001100000010100011011100000111100111011010100100010001100001000011011000001110000110111000000010111010100011011001100100000000100100101000111110010110001001100001101000000001000110111000111100110001000000010001010000000101001101010000000100010011100000101011101000000011100110110000001010011001101010101001100010000111100101011000110010011100101001101001001000000000000100001010100100010100100011010001100110000101000100000000100100010100001000100001110000000010100111110010010100000110000011011
001001010001010001011010001110100000111000101010000000010010111001001101001011010000011000110011010001010010000100000001001100100101001000110110000111110010011000001001001000000001000100101100000110100010110100001101001101110100011000100101000011000110111000000010001111000001010101111001000111110011110100010100001100000000001000101100000010010111000100001100001011010000101101100101000111010010110001001000001000100000001100110001010101110010100100000101001010110001111100110010010010100001011000010010
001001000001111101011010001110100000111000101010000010110110101100011010001010010000011000110011010001010011011000011011001100100001001100100101000111110010110001001100001110110001111001111000000001110010101000000110011001000000001000101011000100110110111000000010001111000001000100101101010101110010110000011101001000110100011100101110000101010010001100001001011000110000100000101010000101100110101000000101001101110000111100110001010101110011100000001100001111000100101100111111000010110001001100001110
001010010101000100011011001000000000001001101111000001100010001100001000011011000001110000110011000001000010001100001100001110010000000101110001000110110010011000001000011100100001010100101110000101100011000000011010011001000001011000100110000010110010000000000010011101000001111100111111010101110010110000011101001000110100011100100100000100110011010000000001001001110100111100100111000101110010110000000111001001000000111001110100000111100011100001000100001011100000101000101001010010100000100000010100
011000010000010100010010001010110100011000101010000100110011100100011001001001000101010000110111000010110011000101001001001100100000010000110100000010000011000101001100001110100001010100101010000100010110001000001100001000100100011000111110000000100010101101010110001100100001100100111100000110110011110001010101001001000000001000100100000101010010001100001000011000110000011000110001010100100010110100011010001100110001110001110100000100010010001100010110011110010001111100110010000011110100000100010110
001011100000001100011110011011100000000100100000000101100110101100000101001011010001000001110110000010110011101000011101011101110001000100110000000011110011101100001001001101100101000000110001000001110110001000010111001010110100011000111000000010110010011100011000011101000000010100101001000110000011011001010101001100100000111100100111010110100011010000001100001100010001101100101101010100100010101100000110001100100100101100100000000111110010100100010110001111000100101100101101000010110001001001011010
001011110001111000001110011011100000011101101111000111110010101000000011011011000000000000111001010001010010000100000000001110110001111001110001000011100010000000001001011100100001011100101010000111000011011100001101001000000100011000101000000111110011101001010110001000000001100000111100000001010011110101010101001100010000001000101100000011100111000100011000001100110100111100100100010100100010011100000001001001010001111101110100000100010011111000001011001101000100101100101110000000100000010001011010
001001000001000000001000001110100000111001101111000100110010010100001001011011000000001100110111000100010011000000011011001100100001011001110001000011100010000000001001011100100000011100110000000111000010111000000110011001000000000000101011000010010010101101010110001110110001011001111001000000110011000000010000011001100000000000110000000101010010010000000011001001110100111100100100000111000010111001001000001000100000001100110001010101110010000000001011001010110000111101111010000011010000111000011110
011000010001011100010101001111000000101100101010000101100110101100000000001011010001101001110110000010100011001101001001001000110001101000110100010110100010110000011001001000010000010001111000000111000010010001000011001100000000111000101111010010100010100100000100001110110000010100110111000100110111100000010100001010000000001101100010000110000010001100001000001000100001101100101101000101110010111001001000001111110000010100100000000110000110110000001100001100000001100001111010000001000000111000001001
001101010000001100010011001000100001010101101111000001100010001100001000011011000001011000100100000000000011010000011101001111110101001000111110000111000110100000000000001110110001011000111101010100110010001100001101001000000100011000100111000010110010000001010110001101100001010100111010000101100011010100010000011001100000011001100010000101100011100000011011001010100000000100100010010100100011100100000111001000110000011101110100000101100010001000000000011110010001111100110010000011110100000100010110
001011100000001100011110011011100000000100100000000101100110101100011101001000000001010100111000000100010011000000001101011101110001001101110001000111010010100100011110001101100001010100110110010100110010011100000010001101110001001000111101000010110011110000010010011101000001100100110111010101110011110100010001001000110000100101100010000110110011111100001001011000110001101100101101000101110011100000001101011101100000001100110001010101110011110000010001001011010100101100101110000000100000010001011010
001011000001000000010100011011100001000100100111000111010010011001001101001001000001000101110110000011010011010000001101011101110001010000111110000010000010010100001001001101100101000000111001000111010010011001000011001010110001001100111110010010100010000100010000011101000000010000110001000100100111100000010010001101000000100000110111000101000011010101001101001011100000111000100001000101110110101000011100001111100000111001110100000110110010001100010110001111010100101100111101000001010000010101011010
001101010001111001011010001010010001010000100000000001010110101100001000001110100001000100100100000111000111010100011101001001010001011100110100010110100011110000000100001100110000010001111000000110100011000101000011001101000000101000101111000010110011110100010111001110100000010001111001000000110011011101010101001100100000111100100111010110100010001000000100001001000000011100110001010100100010101100000110001100100100101100110011000110000010001100000000011110010000110100110101000110000100000100011100
001011100001111000011110011011100001001000100111000101110110101100011001001111100001000100110011010001010011101000001111011101110001111000111000000111000010110101001100001100110001110000101011000111000110001000001010001010100100011000111110000000100010101101010110001110010001100100111101000001000010110001010101001010010000000101100010000011100011100100001000011000110000100000100100000000000010111000001101001110000100101100110101000110010010100001000100001011010000001100111111010010100001010100001000
001001000001010001011010001000010000000001101111000110010010010100000010001110110001100000110011000000010011001000001100011101110001110100110111010110100010111100000011001111010001010001111000000100100010110000000111011001000000001100111100000000110010001001010110001101010001111000111101010101110011100101010101001101000000111000110100000111110010001101001101001101000000101000101011000001100110101000000111001000110001111101110100000110000010101001000100001111000000111100111111000001000100000100001110
001011100101000100001101001011110001001000101010000000000110101100011001001001000001000101110110000000100011010000011011001100110001011100111111010110100010100100000010001101100101000000111110000000010010110100001110011001000001001000100010000011110010000000010101001100010101000000110000000000110111100000000010001001110001010001100010000010100011000000011111001101110000101000100001010100100010101100000110001100100100101100110110000100100010111100000101001101000000111001111010000000110000111100001110
001011100101000100011100001000010001001100111101010100100010001100001000001011010001000000100101010001010010000100000001001100100101001000111111000110110010010100001001011100100001111100111110010100110011011000001011001000010100011000101100000000110011110000000101001000000101000000110000000001000111100000000101001011110001010000101101000101000111000100011001001010110000111000110001010100100010001100011011011101100000001000100000010101110011101100001100001100000000100000110010010010100000001000010101
001011000000000100011011001111010001010100101010000001100010001101001101001110000001110000110011010001010010001000000001001110000001111000110100010110100010010000001101001111000001010001111000000111000010010001000011001011000000011100111100000000110010001000010111001111000101000000101110000111110011110100000111001000110100011100110110000100100011010000011111001001100100111100101100000000010110101000001111001110010000011100110000010101110010110100001010001111010100101100101110000000100000010001011010
001001100001111000010110001010100100011000100000000101000110101100011001001001000001010100100010010001010011100100001000001110010001011001110001000100110011101101001100001101010001111100110111000101110110001000010111001011000000001100111000000011110110111000011111001001110101000000111011000100110011110100011001001010100000111000110111000101110111000100001100001011010000101101100101000001100010001000001101011101100000010000111010000011100011010001000100001010100001111100110101000001000000010001011010
001000000001111100011110011011100001001000100111000101110110101100000011001011010001100100110011010001010011101000001111011101110000011000111001000111110110100000011111001101110001001100110111000111010010011001000011001101100000111100111100000011110011110001010110001111010000001101111001000100000011000100011101001010010000100101100010000011100011100100001000011000110001110000100100000111110010111101001000001111110001100001110100000111100011100001000100001011010000001100111011000111100100000100011001
001011100001110000001010001011110001010100111100000101110011111100000101011011000000000000111110000000000111010100011110001111110001110100111101000111110110100000000000001100110001111000111100010100110010110100000101011001000000001100111110000000100010011100011001001001000001100100111000010101110011100100011011001000100100011100110110000100100011010001001101001011010000111000101000000101110110101000000111001100000100101100100000000111110010100101000100001011010000001100110011000110000000010101011010
001100110001100000001100001010110001010001101111000110110011100001001101001001000001110100110010000000010011000000000010001100100001111001110001000011100010000000001101001001100101000000110001000000000110001000001010001100000100011000111101000000100010011100010101001111000101000000111110000110000011110100000001001011100100011100110110000101010010011000001100001100010000101101100101000001100010001000001101011101100000111000110101000001000011100001000100001101100000110101111010000010110001001000001001
001110000000001100010011001011110100011000101110000111000010111101001101001110000001110000110011010001010011001100000110001000100000000000100101000100100110100000011110001110110000011000111101000000010110001000001010001101110100011000101111000111110011111000011110001001100001000100101101000100100010101101010101001001110000100100100110010110100010010100000101001001100100111100101001000111010011100000001100011101100000110000111011000100110110110000010000001101100000010000110001010010100001010100010010
001001000101000100010111001011110000100001101111000100110010010100001001011011000000010000100011000100010111010100000001001111100001111101110001000100110010011000011000001111010101000000101100000110110010011101000011001000110000011100111000000011100010101100011000011101000001111100111111010101110011110100010001001000110000100101100010000011100011111001001101001001110001110100100000000000010011100101001000001111110001111101110100000101100010001000000000011110010001111100110101010010100000101000011111
001001000000000101011010001001110001001001101111000100110010010100001001011011000000000000111110000000000111010100000101001110000000000000110101010110100010111100000011001101100101000000111011000111000010111100001110001001010000100000101110000011110010101001010110001000000001100000111100010101110011010100010100001010000100011100110001000110110010100000000100001011010000100001100101000111010010110001001000001100110001110100110001000001010011010101000100001011010001100100111111000011110100000100010101
001001110101000100001110001001100000001101101111000101010010101000011111001010000001000100111000010001010010000100000001001110000000011101110001000101110010100100010101001101110000001100101100010100110010010000010001001000010000001100100110000100110110111000010011001101010000010001111001000101010010110100000001011001100000100000100100010110100010010100000101001001100100111100110001000000000010111100001101011101100000010000110010010101110011100000001100001111000100101100110001000001000000111000001101
001011010001010000011110001010010000001101101111000111010010110101001101001010110001101100111001000000010111010100001000001110010001011001110001000111110011111000000101001111100101000000101100000110110010110100010110011001000001010100100010000010110010001000000010011101000001111000110110000000110111100000010000001001110001001101100010000101010011011101001101001010100001101101100101000101000010010100011010011101100000001000111010010101110011100000001100001111000100101100111110000010110001100001011010
001101010001100100011011001110100100011000111011000110100010010000011000011011000001000100110111000100010011000000011010001000110101001000100101000100100010110100011110001101110001111100111110010100110011011000001011001010110001001101101010000110010010011000010111001110000000010001111001000001000010110100000111001000110000101100111011010110100011010100000100001001100100111100100100000111000010111001001000001000100000001100110001010101110010000000001011001010110000111101111010000011010000111000011110
011000010000001000011011001001110000001001101111000110110011111101001101001001010000011101110110000010110011101000011101011101110001010100111110000101010010110001001100001001100001100000111001000001110110001000010111001011000000001101101010000001110010111100011000011101000000001100110001000110000010110100011001001000100100011100100000000111110111000100001100001011110000000000101011000101110110101000000001011101100001110000111101000110110010000001000100001101000000101000110001000011110100000100010010
001010000001110001011010001011110000100001101111000110100010111000000001001111000101010000111011000000000011000000011101011101110001010000111110000010000110100000000100001110110001110101111000000100100010110000000111011001000000100100111111000111100110111000011001001100100101000000101101000111110011110101010101001000010001010100101101000011110011111100001001011000110001101100101101000101110110101000000100001110010001100100110000010101110010101100001011001111010100101100111100000001010001001100010111
001001000001010101011010001010110001000000101010000000000011001001001101001011100001000100110111000101100010000101001001001110000001010001110001000011100010000000001001011100100001011000110001000101100010111000000111011001000000011100100100000011100110111000010011001000100001010100101011000011100111100000010011001010010001000000101110010110100011111000001011011000110001101100101101000101110110101000001001001111110001100101110100000101100010001000000000011110010000100100101000000001010001010000011101
001010010000010101011010001110100000111000101010000111110110101100011000001000100000000000111001010001010011010000001101001101100001111101110001000011100010011101001100001000010001010100111101010100110011010100001011001001010001001001101010000000100010101101010110001000110001111100101100000110110011110001010101001001010000011000101110000101100111000100011001001010110000101000101000010100100010101100000110001100100100101100100011000111110010110100010000001010100000010000111111000111000000010000001000
011000010001000000011110001011110000101101101111000100010010101000000001001000000001000100110010010001010011000000011111001100100000000000101000010110100010010000000101001001000001100100110110000101000110001000000000001101100000001100101011000111100011101100000100001100010101000000101101000111110011100100000001011001100001000000100011000010010111000100011001001010110000101001100101000111000010101100000101001100110100101100100000000111110010100100010110001111000000010000111100010010100000000000010100
001001010101000100011011001010100000011100100010010100100010110000001100001110100001000101110110000010110011010000000100001100100000000101110001000011100010011101001100001100110001110000110100010100110010000100000010001100000001001000100110000011110110111000010111001110100001010001111001000000110011011101010101001100100000111100100111010110100011011100000010001101000000001101100101000111010010110001001000001000100000001100110001010101110010110100001101001010110100101100111011000001000000010101011010
001101010001111001011010001010110001000000101010000000000011001001001101001011100001000100110111000101100010000101001001001110000001010001110001000011100010000000001001011100100001011000110001000101100010111000000111011001000000010000111111000111100110111000010000001110110000001001111001000101100011110000010100001010110100011100110110000100100011010000011111001001100100111100110010000100110011100101001000001110000000010000100000010101110010101000001011001011000000010100111110010010100000000000010100
011000010001100100011111001000100001011001101111000111110010111000001000001110000101010000110000000010100010011101001001001111110001101100111100010110100010100100000010001101100101000000101100000110110010011101000011001010000000100100111000000011100110111000010001001110110001010001111001000101000011100100000000001101010000001000100110010110100011000001001101001001110000101000100000000000100110101000011011001110100000111000110001000001110110110000010000001101100100101100111100000010110000110100010110
011000010000010000001010001000010000100001101111000100110010111100001100001000010101010000110111000010110011000101001001001111110001011101110001000010010010010000001001001000100000010001111000000100100010110000000111011001000000111000101111010010100011101000011001001110110001101101111001000110000011011000010000011001100000100000100100010110100011100100000100001100000100111100110111000110110010100000011011011101100000101000111010000100110110110000000111001101010000010000101001000011110000010101011010
001101000000000101011010001110100000111000101010010100100010110100000001001010010000011100111110010001010011110000000111001001000000011000110100000110110010110001001100001001100001100000111101000000010010011100001100001000100100011000101011000001000010101001010110001000000001100000111100010101110010101000011100001001000100011100110101000100100011100000001110001010110100111100110001000110100010111101001000001110100000010000100110000100110110110000000011001101100000111101111010000000100000000000011110
011000010000010100011011001001010000001100100001010100100010110100011111001000110001100101110110000010000011010000000111011101110001111100110000000111100010110101001100001110100001010101111000000100100110001000010100001010110000101100101011000001000110111000010111001110100001010001111001000101010010101000011010001100110000000000101010000011100111000100000101001001100001110101100101000001110010010000011100001110010100101100100000000111110010100101000100001101000000101000110100010010100000000000010100
001001010101000100011011001010100000011100100010010100100011100000001100001001010001000001110110000100010011110100000000001001000101001000111000000010010110100000000010001111010000011101111000000100010010110100001101001000010100011000100101000011000110111000011011001011010101000000111011000110000011011000010000001101010100011100100011000101000011010101001101001001010000001100100000000000010010001001001000001110010000110101110100000110100011010101000100001111110000011100111111000110010000100101011010
001100100001100100011111011011100001010100100111000100110010011100000001011011000001011000110011010001010011011000001000001110110001111000110100000111100110100000011011001111010001110100111001000111010110001000000001001000010000010100101011000111110011110100010011011101000000001100110001000100100111100000000010001001110001010001100010000011100011000000000110001001100000000101100101000111010011111100011100011101100000010000110010010101110010000100000101001101110100101100101110000000100000010000001000
001001000001011100010101001111000000001101101111000000010010001100001100001000000001100001110110000001000111010100000100001101100001110001110001000101100010110100001101001001000001010101111000000110110010101100010000011001000000000000101011000111100010011000010011001001100101000000111000000110010011110001010101001011100000111000110001010110100011110000000010001101110000011100100000000000000110101000001001001110000000111101110100000001000010010000000101001101010000011101111010000010010000110100011111
001000000000011100011111011011100001001100100001000001100010010001001101001001000001110100100101010001010010001000000000001100010001011101110001000110110010011000001000011100100000010000110000000101100011101101000011001101110000111000101011000001100010001001010110001101100001010101111001000110000011011000010000011001100000000100101110000111110010001000000101011000110000111000101011000101100110101000011100001111100000111000101101010101110011101100000001001010110000111001111010000010000000111000001110
001010010101000100010100001011110000110100101010000101100110101100011001001001000001000101110110000010000011010000000111011101110001001100111111000111100110100000000100001110110000001101111000000001000010101100000101001000010100011000101011000001000010101001010110001000110001010100101011000100100111100000011011001010010001001101100010000110110010001000000101001000100000001000100000000101100110101000000110001110010001110001110100000000110010010000000001011110010001100000111111000110000001000100011111
001011110000010101011010001110010000011100111100010100100010011000000010001111100001000101110110000101100010000000001011001000110001101100111101010110100011110000000100001100110001111001111000000100100010110000011010011001000000010000101111000010110011110100000010011101000001111100111111010101110010110000011101001000110100011100100100000100110011010000000001001001110100111100110010000110100010001100001011001111100100101100100000000111110010100101000100001101010000010000101000000011100100000100011101
001011100001010101011010001001100000011100101011010100100010011000001100001010000001000101110110000001000011101100001101011101110001101000110100010110100011101100001101001110110001010001111000000001100010110000010111001010110100011000111110000000100010101101010110001000110001111100110100000101100011011001010101001111110000001000100011010110100011100100001100001101110000011101100101000101010010010100001100011101100001100000110101000111100010100001000100001000000000111001111010000110010000100100011011
001011010001110101011010001000000000100100111011010100100010111000001100001110000101010000111001000000110111010100001100001000010001011100100011000000110110100000011000001000000001010100111101010100110010110100000101011001000001001000100010000011110110111000010001001101010000001000111101000100100011011001010101001001110000100100100110010110100010010100000101001001100100111100110010000111010010011100001001001110000100101100100111000101100010010100000000011110010001111000110100000111100000111001011010
001101010001100100011111011011100001010100101010000000000011101100001000001000100000000001110110000100100011000001001001001110100001001100101000010110100010110100001101001001100101000000110111000101010110001000010111001011000000001101101010000011000011110000000011001111010000010001111001000110000011111001010101001100100000111100100111010110100010010100011111001001100000101000110110010100100010010100001110011101100001111100111100000100100110110000000011001110000001100100111110000011110000111101011010
001000110000010000001110011011100000100100101001010100100011111100000101001010010101010000110000000101110010000000000000001000110101001000111110000111000110100000011000001110100001010101111000000001110011000000000110001000010100011000111101000000100010011100010101001111000101000000110000000001000111100000011100001010000100011100110110000100100011010001001101001011100000011000100001000000010011111001001000001110010000110101110100000000110010010000000001011110010000110000111011000110000000010100011111
001011110101000100011101001000010000001001101111000110100010101000011001001001000101010000100101000001000011110000001101011101110000101100110100010110100011101100000100001100110001110000110100010100110010110000001100001100000100011000101111000010110011101001010110001110110001011001111001000111100010110001010101001010000000001000101011000011100011100100001000001100010100111100110110000110100010101100000100001110100100101100101101000100100110110000010000001101100001111000111001000000100100000100010011
001101010101000100010110001010110001010100111011010100100011001000001000011011000001000000111111000000000111010100001000001110010001011001110001000011100010000000001001011100100000001100111101000000010011001000000110001010100001001001101010000110010010111100011111001100000101000000101100000110010010110000011010011001100001001100101010000111110111000100011010001011000000001000100100000111000110101000010001001100110100101100100111000111110010110100001000001101010100101100110100000001010001010101011010
001100100000010000001000001010110000101000110110010100100010111100000100001010010101010000110000000010100010011101001001001100000001110100110101010110100010110000000011001001100001100001111000000110000010110000001100001100110100011000111110000000100010111100000010011101000001100100110111010101110010110000011101001000110100011100100110000110110010100001001101001110100000101001100101000101110010101100011100011101100001111100111100000100100011111000000001001101100000110101111010000111100000100100011111
001011110101000100000011001000010001001100111101010100100010111000010100001010010000011101110110000101100011110100001000001110110001111001110001000110000010110101001100001111010000000000111101000111010010011100000111011001000000011100100100000011100110111000001111001100010101000000101010000111110011100100011001001010100100011100100000000111110111000100001100001100000100111100100010000111010010111000011011011101100000000000111010000110000011101100001101001101110000110001111010000011010000111000010101
001001010101000100011011001000000000001001101111000101110011110100000100001000000101010000110111000010110011000101001001001000000001101000110100000101000110100000011000001110100001010101111000000001000010110100001110001001010000100001101010000110010010111100000001011101000000010000110001000101100010110001010101001100100000111100100111010110100010010100011111001001100000101001100101000001010010101100011011011101100000110000111011000110000010100001000100001111110000010000101000010010100000011100010101
001011100001010101011010001011110000100000101011010100100011111100000101001011010000000001110110000011000010000101001001001000000001001100100010010110100011100000000000001101110001000100101011000100100010110000010111011001000001001000100101010010100011101000011110001100010101000000111100000011100011110100000110011001100000011000101100000111100111000100001100011000110001101100110111000101110010111101001000001000100000010001110100000101010010100101000100001111010000111000101001000000110001001100011111
001001010101000100001110001000010100011000100010000100110010000000001000011011000001101100111000000000000111010100011110001111100000000100110100010110100011101100000100001101110101000000101100000111000010110100001000011001000000100100101100010010100011101000011110001100010101000000111111000001010010110100011100001100100100011100110110000100100011010000011111001001100000000000100011010100100010101100000110001100100100101100110000000111100010100001000100001111000000101000101110010010100000000000010100
001001010101000100011101001011110001000000101010010100100010101000000001001111110001101101110110000100000011101100011101001110000101001000111001000111110011101001001100001110100000010100101011000100010010001100001101001000000100011000111101000000110011101000011110011101000001100000111100000001010111100000010100001010000000001101100010000100100011010001001101001001110000011000100001010100100010111100001001001000100100101100110101000110010010100001000100001011010000001100111111010010100000010000000011
001001000000001001011010001000010000000001101111000001100010001100001000001000010101010000110100000010100010000100000001011101110000010100110100000010000010110101001100001111010000000000111101000111010010011100000111011001000000011100100100000011100110111000000010001111000001010100100000010101110011001100011011001000110001000001100010000011100011100100001100001101110100111100110001000110100010111100010001011101100001110000110001000001010010100101000100001101110000101000110001000011110000010101011010
001000000001111100011110011011100001001000100111000101110011001001001101001111110001000100100001000000000011000101001001001100010001101100110110010110100010010000001001001100110000011000111101000000000110001000010111001010110000000100101111000111100010011000010011001001100101000000111000000110010011110001010101001010110000011000100110000111110111000100011001001010110000101000101000000000010010111100000100001000000000111000100111010101110010110100010100001010110000010000110100000110010100000100011011
001011110001010101011010001110100000111000101010000010110110101100000101001010010001010100100100000000010111010100011101001111110001011101110001000011000010011100000101001100010001010101111000000111000010010001000011001100000000111000101111010010100010001000011001001001100001010001111001000100000011011100010001011001100001000000100011000101100011101000000100001011010000100001100101000110110010010001001000001000100000001100110001010101110010101100000101001010110000111100111111000001000100000100010011
001011110101000100001110001001100000001101101111000100010010010000000010001000000101010000111001000000110111010100011101001111110001011101110001000111100010100100010101011100100001000100110110000101110110001000000010001000000000011100100111010010100010111100011000001100000101000000110001000111100010101101010101001100010000111000100100000111110111000100000101001010100000101101100101000001100010001000001101001110110001100000110001000110110011101000000001001010100100101100111100000110000000111000010111
011000010000010100010010001010110100011000111111000000000010111000011110001010010001101000110101000000000111010100000110001100010101001000100101000100100010110101001100001111100001111100101010000101110110001000000100001010110000001001101010000010110010001100011001001110100001011100101010000000110111100000000001001011100000001001100010000011100010001100001000001001100001110001100101000111010010110001001000001000100000001100110001010101110010101100000101001010110000111100111111000001000100000100011011
001011110001010101011010001110100000111000101010010100100010011100000010001111100001000001110110000000100011101000001101011101110001000100110000000101100010010000001001001101100101000000101101000111010011011000001100011001000000011100101110000010110010001101010110001101010001111000111101010101110010101100010100001011110000001101100010000011110011111100011001001011000100111100101101000110110010011101001000001000010000001100110001000001010010100101000100001110000001100100101110010010100001010100010010
001011100000010001011010001011110000100000101011010100100010001100001000011011000000011100110111000011000011000101001001001111100101001000111001000111110010100100011110001101100101000000101100000110110011101101000011001100100000100100100011000010010010101101010110001111010001111001111001000000110011000000010000011001100000000000100011000010000011010100001000001011010100111100100100000111000010111001001000001111110100101100100011000101100011111101000100001110000000110100101000000010110000100000011110
011000010001001100011111001011010000011100111010000000010010111001001101001001010101010000100001000001000010011001001001001110010001001100111010000111110010110001001100001100110001111000111100010100110010101101000011001011000000111100101110010010100010001100001111001001110001010100110101000100010111100000010100001010000000001101100010000100100011010001001101001100000000111000101100000101100110101000011111001111100000010001110100000000110010001100001000001111010100101100101110000000100000010000011111
011000010000010100010010001011110001001001101111000001100010001100000010001110010101010000100001000001000010011000011101011101110001110000110000000100010010110100001000011100100001100000111001000000000011011001000011001100000000111000100101000111110110111000010011001101010000010000111100000110010111100000011010001000000100011100110110000100100011010001001101001101110001110100100000000101110110101000011111001111100000111000100110000100100010001100000010011110010000001001111010000010010000111000010111